# Created by Octave 4.0.0, Mon Jul 13 11:50:22 2015 BST <sfarry@hep137.ph.liv.ac.uk>
# name: a3
# type: matrix
# rows: 4
# columns: 2
 0.2921822197447382 0.03709318587978868
 0.2688049048350305 0.03595844782011761
 0.1657284350374271 0.03336610333729867
 -0.02627524890519083 0.03274876236322409


