# Created by Octave 4.0.0, Mon Jul 13 11:50:22 2015 BST <sfarry@hep137.ph.liv.ac.uk>
# name: a
# type: matrix
# rows: 4
# columns: 2
 0.2921822197447382 0.03546325290632672
 0.2688049048350305 0.03429687369604439
 0.1657284350374271 0.03093114880058218
 -0.02627524890519083 0.02835839320053061


