# Created by Octave 4.0.0, Mon Jul 13 11:50:22 2015 BST <sfarry@hep137.ph.liv.ac.uk>
# name: a2
# type: matrix
# rows: 4
# columns: 2
 0.2921822197447382 0.01087483940177801
 0.2688049048350305 0.01080437061145626
 0.1657284350374271 0.01251242925220905
 -0.02627524890519083 0.01637934587848434


