# Created by Octave 4.0.0, Mon Jul 13 11:50:22 2015 BST <sfarry@hep137.ph.liv.ac.uk>
# name: r
# type: matrix
# rows: 4
# columns: 2
 1.825585985249955 0.04847407401595332
 1.735248107139952 0.04685825922470207
 1.397300931729255 0.03887544532536986
 0.9487949281964644 0.02682751256384163


