# Created by Octave 4.0.0, Mon Jul 13 11:50:22 2015 BST <sfarry@hep137.ph.liv.ac.uk>
# name: r3
# type: matrix
# rows: 4
# columns: 2
 1.825585985249955 0.05256915206227793
 1.735248107139952 0.05059571015757378
 1.397300931729255 0.0426821594248871
 0.9487949281964644 0.03098478031125582


