# Created by Octave 4.0.0, Mon Jul 13 11:50:22 2015 BST <sfarry@hep137.ph.liv.ac.uk>
# name: r2
# type: matrix
# rows: 4
# columns: 2
 1.825585985249955 0.02034158049028587
 1.735248107139952 0.01908479574896826
 1.397300931729255 0.01762005913513507
 0.9487949281964644 0.01550294102980803


