# Created by Octave 4.0.0, Fri Apr 29 09:48:00 2016 BST <sfarry@hep138.ph.liv.ac.uk>
# name: a
# type: matrix
# rows: 4
# columns: 2
 0.3730899560410663 0.01368223049558715
 0.3100805701828003 0.01483065274606279
 0.2092183166141605 0.0176587688432712
 -0.01776052573791796 0.03307995702292787


