# Created by Octave 4.0.0, Fri Apr 29 09:48:00 2016 BST <sfarry@hep138.ph.liv.ac.uk>
# name: a3
# type: matrix
# rows: 5
# columns: 2
 0.2297774482702772 0.01767500948208629
 0.2603096150511658 0.01912260637466419
 0.2595450276207203 0.0182724579581719
 0.2667568985339613 0.02475486951329274
 0.3469177286910902 0.02993453365241487


