# Created by Octave 4.0.0, Fri Apr 29 09:48:00 2016 BST <sfarry@hep138.ph.liv.ac.uk>
# name: a3
# type: matrix
# rows: 4
# columns: 2
 0.3730899560410663 0.01466777060684103
 0.3100805701828003 0.01572997854662053
 0.2092183166141605 0.01879191096982588
 -0.01776052573791796 0.03426755258265721


