# Created by Octave 4.0.0, Fri Apr 29 09:48:00 2016 BST <sfarry@hep138.ph.liv.ac.uk>
# name: a2
# type: matrix
# rows: 4
# columns: 2
 0.3730899560410663 0.00528583609663927
 0.3100805701828003 0.005242515064627137
 0.2092183166141605 0.006426803314072762
 -0.01776052573791796 0.00894324344778908


