# Created by Octave 4.0.0, Fri Apr 29 09:48:00 2016 BST <sfarry@hep138.ph.liv.ac.uk>
# name: a2
# type: matrix
# rows: 5
# columns: 2
 0.2297774482702772 0.005531755683132009
 0.2603096150511658 0.006866338373583992
 0.2595450276207203 0.006466517725930245
 0.2667568985339613 0.009108665773524219
 0.3469177286910902 0.008272767410837156


