# Created by Octave 4.0.0, Fri Apr 29 09:48:00 2016 BST <sfarry@hep138.ph.liv.ac.uk>
# name: a
# type: matrix
# rows: 5
# columns: 2
 0.2297774482702772 0.016787067619271
 0.2603096150511658 0.01784733794995196
 0.2595450276207203 0.0170899639652455
 0.2667568985339613 0.02301816179555567
 0.3469177286910902 0.02876869173865487


