# Created by Octave 4.0.0, Fri Apr 29 09:48:00 2016 BST <sfarry@hep138.ph.liv.ac.uk>
# name: r3
# type: matrix
# rows: 5
# columns: 2
 1.596652091669494 0.05958777789467101
 1.703833983374468 0.06989999331961951
 1.701042027678558 0.06665452827661092
 1.727608341628064 0.09208622412589977
 2.062401305109068 0.1403675447218284


