# Created by Octave 4.0.0, Fri Apr 29 09:48:00 2016 BST <sfarry@hep138.ph.liv.ac.uk>
# name: r
# type: matrix
# rows: 5
# columns: 2
 1.596652091669494 0.05659425856680627
 1.703833983374468 0.06523842927225142
 1.701042027678558 0.0623410101134354
 1.727608341628064 0.08562580404366751
 2.062401305109068 0.1349007360897491


