# Created by Octave 4.0.0, Fri Apr 29 09:48:00 2016 BST <sfarry@hep138.ph.liv.ac.uk>
# name: r2
# type: matrix
# rows: 5
# columns: 2
 1.596652091669494 0.01864921370187275
 1.703833983374468 0.02509893249069175
 1.701042027678558 0.02358865400598495
 1.727608341628064 0.03388354107292946
 2.062401305109068 0.03879225455781538


