# Created by Octave 4.0.0, Fri Apr 29 09:48:00 2016 BST <sfarry@hep138.ph.liv.ac.uk>
# name: r
# type: matrix
# rows: 4
# columns: 2
 2.190250370483794 0.06962680105098279
 1.8988892232386 0.06231513066757171
 1.529143051767117 0.05647772762198596
 0.965098811972412 0.06387100167666891


