# Created by Octave 4.0.0, Fri Apr 29 09:48:00 2016 BST <sfarry@hep138.ph.liv.ac.uk>
# name: r2
# type: matrix
# rows: 4
# columns: 2
 2.190250370483794 0.02689882021849482
 1.8988892232386 0.0220278916156055
 1.529143051767117 0.02055473120882869
 0.965098811972412 0.01726767410407104


