# Created by Octave 4.0.0, Fri Apr 29 09:48:00 2016 BST <sfarry@hep138.ph.liv.ac.uk>
# name: r3
# type: matrix
# rows: 4
# columns: 2
 2.190250370483794 0.07464206557793028
 1.8988892232386 0.06609389925814181
 1.529143051767117 0.06010183601530349
 0.965098811972412 0.06616401910514089


