# Created by Octave 4.0.0, Fri Apr 29 09:48:00 2016 BST <sfarry@hep138.ph.liv.ac.uk>
# name: c
# type: matrix
# rows: 4
# columns: 2
 15.25019321572124 1.570497137124217
 10.28573234785674 1.102104198448325
 5.601492097076961 0.6696041961587088
 1.965363140850054 0.3305429473712584


