# Created by Octave 4.0.0, Fri Apr 29 09:48:00 2016 BST <sfarry@hep138.ph.liv.ac.uk>
# name: a
# type: matrix
# rows: 4
# columns: 2
 15.25019321572124 1.556202972529334
 10.28573234785674 1.091138567332046
 5.601492097076961 0.6624419105410249
 1.965363140850054 0.3272722146164032


