# Created by Octave 4.0.0, Fri Apr 29 09:48:00 2016 BST <sfarry@hep138.ph.liv.ac.uk>
# name: b
# type: matrix
# rows: 4
# columns: 2
 10.15567619207311 0.1033832005809124
 9.528521697198785 0.0893037593349737
 7.385233714600123 0.07687144407806693
 6.287840184572723 0.07943110104182625


