# Created by Octave 4.0.0, Mon Jul 06 15:58:10 2015 BST <sfarry@hep137.ph.liv.ac.uk>
# name: b
# type: matrix
# rows: 4
# columns: 2
 0.6399191915005429 0.01068754888640873
 0.6530658200408326 0.01069295298979765
 0.6572450087568472 0.01076065346393595
 0.6444395029525422 0.01081225722841654


