# Created by Octave 4.0.0, Fri Apr 29 09:48:00 2016 BST <sfarry@hep138.ph.liv.ac.uk>
# name: a
# type: matrix
# rows: 4
# columns: 2
 10.15567619207311 1.094456119152571
 9.528521697198785 1.077811813614376
 7.385233714600123 0.7435700737401968
 6.287840184572723 0.7244446900735734


