# Created by Octave 4.0.0, Fri Apr 29 09:48:00 2016 BST <sfarry@hep138.ph.liv.ac.uk>
# name: c
# type: matrix
# rows: 4
# columns: 2
 10.15567619207311 1.105622222892113
 9.528521697198785 1.087138692243466
 7.385233714600123 0.7524259442206664
 6.287840184572723 0.7324271285613871


