# Created by Octave 4.0.0, Fri Apr 29 09:48:00 2016 BST <sfarry@hep138.ph.liv.ac.uk>
# name: b
# type: matrix
# rows: 4
# columns: 2
 0.7226560868883952 0.01276754246649269
 0.7229321520072713 0.01276680254362537
 0.7226768977566302 0.01276874699461792
 0.7241137374883897 0.01276204513081046


