# Created by Octave 4.0.0, Fri Apr 29 09:48:00 2016 BST <sfarry@hep138.ph.liv.ac.uk>
# name: b
# type: matrix
# rows: 4
# columns: 2
 0.6804658204579334 0.01352862675986351
 0.7308575474045601 0.01306907121326814
 0.7463057814498186 0.01308525065077284
 0.7445250769529204 0.01317572292659796


