# Created by Octave 4.0.0, Fri Apr 29 09:48:00 2016 BST <sfarry@hep138.ph.liv.ac.uk>
# name: b
# type: matrix
# rows: 4
# columns: 2
 15.25019321572124 0.1157547538048656
 10.28573234785674 0.09906736266187989
 5.601492097076961 0.07292766330277729
 1.965363140850054 0.04039528569986812


