# Created by Octave 4.0.0, Mon Jul 06 15:58:10 2015 BST <sfarry@hep137.ph.liv.ac.uk>
# name: b
# type: matrix
# rows: 4
# columns: 2
 0.610939225252644 0.01219525463984758
 0.6576972451942689 0.01112756672719908
 0.6649174044538086 0.01122954516221089
 0.6623161070059328 0.01167495664756092


