# Created by Octave 4.0.0, Fri Apr 29 09:48:00 2016 BST <sfarry@hep138.ph.liv.ac.uk>
# name: c
# type: matrix
# rows: 5
# columns: 2
 10.80685886688161 1.080955488402742
 6.622293099094289 0.7588391678445511
 7.447754506950629 0.8010473208619323
 3.862883778740116 0.4449275038386324
 3.964711064135914 0.6363569553454208


