# Created by Octave 4.0.0, Fri Apr 29 09:48:00 2016 BST <sfarry@hep138.ph.liv.ac.uk>
# name: a
# type: matrix
# rows: 5
# columns: 2
 10.80685886688161 1.06907987152142
 6.622293099094289 0.7509539423377335
 7.447754506950629 0.7921658206470693
 3.862883778740116 0.4385306124779386
 3.964711064135914 0.6317684724768226


