# Created by Octave 4.0.0, Fri Apr 29 09:48:00 2016 BST <sfarry@hep138.ph.liv.ac.uk>
# name: b
# type: matrix
# rows: 5
# columns: 2
 0.7239530117540818 0.01276162930969896
 0.7239962463500773 0.01276239004940417
 0.7231654577189285 0.01276609478213846
 0.7218504021906351 0.01277195444517
 0.7201208650215848 0.01278455045558921


