# Created by Octave 4.0.0, Mon Jul 06 15:58:10 2015 BST <sfarry@hep137.ph.liv.ac.uk>
# name: b
# type: matrix
# rows: 5
# columns: 2
 0.6110995965167967 0.01074380961809158
 0.6464309084973618 0.01079566261139908
 0.6639353140699173 0.01070270111479648
 0.6762251256697739 0.0108635902935264
 0.6854816111723165 0.01077263762921875


