# Created by Octave 4.0.0, Fri Apr 29 09:48:00 2016 BST <sfarry@hep138.ph.liv.ac.uk>
# name: b
# type: matrix
# rows: 5
# columns: 2
 10.80685886688161 0.09908570137185177
 6.622293099094289 0.07748523629844735
 7.447754506950629 0.08176923546155587
 3.862883778740116 0.06036140006818774
 3.964711064135914 0.06085747337588768


