# Created by Octave 4.0.0, Fri Apr 29 09:48:00 2016 BST <sfarry@hep138.ph.liv.ac.uk>
# name: a
# type: matrix
# rows: 4
# columns: 2
 0.7182752444804709 0.01279691965292893
 0.7181846133241447 0.01279730153914811
 0.7188753864034851 0.0127968239247244
 0.719185705822467 0.01279255551986086


