# Created by Octave 4.0.0, Fri Apr 29 09:48:00 2016 BST <sfarry@hep138.ph.liv.ac.uk>
# name: b
# type: matrix
# rows: 4
# columns: 2
 24.24524897623121 0.1456781116236882
 17.93493831464626 0.1312499791398593
 10.66845424843378 0.1008145788292849
 4.040633036095121 0.05802755089755855


