# Created by Octave 4.0.0, Fri Apr 29 09:48:00 2016 BST <sfarry@hep138.ph.liv.ac.uk>
# name: a
# type: matrix
# rows: 4
# columns: 2
 22.24347354220158 2.067548305909243
 18.09360716420595 1.681991364942073
 11.29307882035703 0.9551035855165955
 6.068387092003527 0.4620499379121082


