# Created by Octave 4.0.0, Fri Apr 29 09:48:00 2016 BST <sfarry@hep138.ph.liv.ac.uk>
# name: c
# type: matrix
# rows: 4
# columns: 2
 22.24347354220158 2.089182770623591
 18.09360716420595 1.699542736321067
 11.29307882035703 0.9688189089785086
 6.068387092003527 0.473664025092313


