# Created by Octave 4.0.0, Fri Apr 29 09:48:00 2016 BST <sfarry@hep138.ph.liv.ac.uk>
# name: c
# type: matrix
# rows: 4
# columns: 2
 24.24524897623121 2.205577481662128
 17.93493831464626 1.551669545961276
 10.66845424843378 0.9824390220403553
 4.040633036095121 0.5318615876934079


