# Created by Octave 4.0.0, Mon Jul 06 15:58:10 2015 BST <sfarry@hep137.ph.liv.ac.uk>
# name: a
# type: matrix
# rows: 5
# columns: 2
 0.606870590092852 0.01081597519969906
 0.6417900188021067 0.01086390399423501
 0.6604496075699461 0.0107586703275987
 0.6733205385312485 0.01091143345762029
 0.6818314753472418 0.01083512592854694


