# Created by Octave 4.0.0, Fri Apr 29 09:48:00 2016 BST <sfarry@hep138.ph.liv.ac.uk>
# name: a
# type: matrix
# rows: 4
# columns: 2
 0.680080538086151 0.01353001805736689
 0.7312219082433581 0.0130684797767059
 0.745120368239316 0.01309689142885887
 0.7452696856676947 0.01319792786525536


