# Created by Octave 4.0.0, Fri Apr 29 09:48:00 2016 BST <sfarry@hep138.ph.liv.ac.uk>
# name: b
# type: matrix
# rows: 4
# columns: 2
 22.24347354220158 0.152813991433789
 18.09360716420595 0.1236870797868375
 11.29307882035703 0.09605360054022269
 6.068387092003527 0.07689114531218963


