# Created by Octave 4.0.0, Fri Apr 29 09:48:00 2016 BST <sfarry@hep138.ph.liv.ac.uk>
# name: a
# type: matrix
# rows: 4
# columns: 2
 24.24524897623121 2.182716479140791
 17.93493831464626 1.532047317303751
 10.66845424843378 0.969385260388908
 4.040633036095121 0.5266048129152052


