# Created by Octave 4.0.0, Fri Apr 29 09:48:00 2016 BST <sfarry@hep138.ph.liv.ac.uk>
# name: c
# type: matrix
# rows: 5
# columns: 2
 17.25479381418354 1.457366130552987
 11.28328803010307 1.149105998724633
 12.66894342815542 1.177790169640806
 6.673550238891163 0.7112220743026088
 8.176825273054272 1.01428551057274


