# Created by Octave 4.0.0, Fri Apr 29 09:48:00 2016 BST <sfarry@hep138.ph.liv.ac.uk>
# name: b
# type: matrix
# rows: 5
# columns: 2
 17.25479381418354 0.124856685157541
 11.28328803010307 0.100979146791125
 12.66894342815542 0.1073196428998213
 6.673550238891163 0.07910258257627402
 8.176825273054272 0.08888795784749967


