# Created by Octave 4.0.0, Fri Apr 29 09:48:00 2016 BST <sfarry@hep138.ph.liv.ac.uk>
# name: a
# type: matrix
# rows: 5
# columns: 2
 17.25479381418354 1.438146230097176
 11.28328803010307 1.137152859677776
 12.66894342815542 1.163647288340598
 6.673550238891163 0.7025573425267946
 8.176825273054272 1.005921111646568


