# Created by Octave 4.0.0, Fri Apr 29 09:48:00 2016 BST <sfarry@hep138.ph.liv.ac.uk>
# name: a
# type: matrix
# rows: 5
# columns: 2
 0.7189430232762741 0.01279376726400789
 0.7187984956315979 0.01279324321917638
 0.7193687888520874 0.01279103778653643
 0.718749840980246 0.01279354072350021
 0.7162862778861199 0.01281313902522811


