# Created by Octave 4.0.0, Fri Apr 29 09:48:00 2016 BST <sfarry@hep138.ph.liv.ac.uk>
# name: c
# type: matrix
# rows: 6
# columns: 2
 0.7894794898616093 0.006487433562602626
 0.790085694507856 0.006429010020607237
 0.7959623251077605 0.006316126278443882
 0.7931276606762355 0.006361417274663781
 0.7941101305736289 0.006342533771010412
 0.7941929015751006 0.004644051682116959


