# Created by Octave 4.0.0, Fri Apr 29 09:48:00 2016 BST <sfarry@hep138.ph.liv.ac.uk>
# name: c
# type: matrix
# rows: 4
# columns: 2
 0.7961832025238949 0.006283804654306514
 0.793354960619425 0.006360620219225468
 0.7917327901422335 0.006392037676800708
 0.7922228280614648 0.006378607439103342


