# Created by Octave 4.0.0, Fri Apr 29 09:48:00 2016 BST <sfarry@hep138.ph.liv.ac.uk>
# name: c
# type: matrix
# rows: 5
# columns: 2
 0.7935767150618867 0.006336267051280904
 0.795746579019737 0.006290994407771952
 0.7954133372855888 0.00631188279610525
 0.7943979609932212 0.006334053420618399
 0.7905479996059107 0.006451944826853974


