# Created by Octave 4.0.0, Fri Apr 29 09:48:00 2016 BST <sfarry@hep138.ph.liv.ac.uk>
# name: c
# type: matrix
# rows: 4
# columns: 2
 0.7319644511898833 0.008967116370512574
 0.7958320803378992 0.006367031241980541
 0.819694088977191 0.005939754382515276
 0.8276206908782338 0.006360146778547818


