# Created by Octave 4.0.0, Fri Apr 29 09:48:00 2016 BST <sfarry@hep138.ph.liv.ac.uk>
# name: b
# type: matrix
# rows: 4
# columns: 2
 1.092918636633629 0.02949112087792616
 2.439837530853171 0.04217454250366899
 1.814035423038102 0.0354954729923209
 0.4349620620053941 0.01698203730301016


