# Created by Octave 4.0.0, Fri Apr 29 09:48:00 2016 BST <sfarry@hep138.ph.liv.ac.uk>
# name: a
# type: matrix
# rows: 4
# columns: 2
 2.432359015778276 0.1161091046627765
 1.828219140261939 0.08738970090928805
 1.051045301441342 0.05323672962827788
 0.3937814888638622 0.03947753821563963


