# Created by Octave 4.0.0, Fri Apr 29 09:48:00 2016 BST <sfarry@hep138.ph.liv.ac.uk>
# name: c
# type: matrix
# rows: 6
# columns: 2
 0.1367650503068738 0.01767303784554335
 0.1655795784993196 0.01903077625236471
 0.20170779915566 0.02238442568769691
 0.3744222887238955 0.03009303498630576
 0.9406481333975468 0.06692630014464039
 3.80062357212709 0.1725616510769466


