# Created by Octave 4.0.0, Fri Apr 29 09:48:00 2016 BST <sfarry@hep138.ph.liv.ac.uk>
# name: c
# type: matrix
# rows: 5
# columns: 2
 1.804369064106547 0.1036694044559265
 1.129659759617961 0.07003784569610934
 1.253807301898006 0.09350810534507988
 0.670391293928338 0.04623786444262183
 0.7809340045073077 0.0697592288510166


