# Created by Octave 4.0.0, Fri Apr 29 09:48:00 2016 BST <sfarry@hep138.ph.liv.ac.uk>
# name: a
# type: matrix
# rows: 4
# columns: 2
 1.092918636633629 0.06022062190834486
 2.439837530853171 0.1171621425142676
 1.814035423038102 0.09630224178365313
 0.4349620620053941 0.0261587174966656


