# Created by Octave 4.0.0, Fri Apr 29 09:48:00 2016 BST <sfarry@hep138.ph.liv.ac.uk>
# name: b
# type: matrix
# rows: 6
# columns: 2
 0.1367650503068738 0.009239541748852657
 0.1655795784993196 0.01021651946007369
 0.20170779915566 0.011039447209669
 0.3744222887238955 0.01581914133356727
 0.9406481333975468 0.02565402592923582
 3.80062357212709 0.05250516153952392


