# Created by Octave 4.0.0, Fri Apr 29 09:48:00 2016 BST <sfarry@hep138.ph.liv.ac.uk>
# name: b
# type: matrix
# rows: 4
# columns: 2
 2.432359015778276 0.04057964077404806
 1.828219140261939 0.03718445567374828
 1.051045301441342 0.02814035277568915
 0.3937814888638622 0.01630137706972999


