# Created by Octave 4.0.0, Fri Apr 29 09:48:00 2016 BST <sfarry@hep138.ph.liv.ac.uk>
# name: a
# type: matrix
# rows: 5
# columns: 2
 1.804369064106547 0.09477127645081782
 1.129659759617961 0.06270388718745733
 1.253807301898006 0.087526173191994
 0.670391293928338 0.03995773817797473
 0.7809340045073077 0.06500316230197266


