# Created by Octave 4.0.0, Fri Apr 29 09:48:00 2016 BST <sfarry@hep138.ph.liv.ac.uk>
# name: c
# type: matrix
# rows: 4
# columns: 2
 1.092918636633629 0.06824205119360463
 2.439837530853171 0.1276975700930093
 1.814035423038102 0.1047704646662585
 0.4349620620053941 0.03159312847645919


