# Created by Octave 4.0.0, Fri Apr 29 09:48:00 2016 BST <sfarry@hep138.ph.liv.ac.uk>
# name: b
# type: matrix
# rows: 5
# columns: 2
 1.804369064106547 0.03643703016153443
 1.129659759617961 0.02831618178291401
 1.253807301898006 0.02951951972360375
 0.670391293928338 0.02192817158240398
 0.7809340045073077 0.02364056723088527


