# Created by Octave 4.0.0, Fri Apr 29 09:48:00 2016 BST <sfarry@hep138.ph.liv.ac.uk>
# name: a
# type: matrix
# rows: 6
# columns: 2
 0.1367650503068738 0.01498166323733568
 0.1655795784993196 0.01594063981218889
 0.20170779915566 0.01933179778593994
 0.3744222887238955 0.02522858061540894
 0.9406481333975468 0.06084356475443143
 3.80062357212709 0.1583573404740385


