# Created by Octave 4.0.0, Fri Apr 29 09:48:00 2016 BST <sfarry@hep138.ph.liv.ac.uk>
# name: c
# type: matrix
# rows: 4
# columns: 2
 2.432359015778276 0.1261908801359891
 1.828219140261939 0.09731081607210766
 1.051045301441342 0.06143839809095249
 0.3937814888638622 0.04295435148002093


